# Created by Octave 5.1.0, Fri May 10 12:13:16 2019 GMT <unknown@ZLOYSERGUNYA>
# name: b
# type: scalar
398


# name: n
# type: scalar
400


